0	夏侯	0	288	261	275
1	典f	1	295	251	288
2	司R懿	3	261	283	275
3	|	0	285	261	278
4	曹操	1	278	275	276
5	周瑜	3	261	283	275
6	d	3	262	280	277
7	O尚香	2	256	270	263
8	甘	1	298	250	286
9	O	0	277	275	277
10	w	0	276	277	276
11	P羽	0	285	261	278
12	w	0	296	253	285
13	T葛亮	3	263	281	275
14		0	276	277	276
15	貂s	3	258	271	260
16	尾	0	301	300	303
17	S褚	1	296	251	287
18	夏侯Y	2	289	260	275
19	徐晃	0	285	261	278
20	A	0	276	275	278
21	曹仁	1	253	296	285
22	曹丕	1	275	276	278
23	太史慈	0	286	261	277
24	蚊	1	264	285	275
25	Sw	1	286	260	278
26	周泰	1	289	260	275
27	凌y	1	275	276	278
28	O策	0	289	260	275
29	O	2	275	278	276
30	R超	0	287	260	277
31	S忠	2	288	260	276
32	魏延	0	297	250	287
33	P平	1	288	261	275
34	y	3	261	280	278
35	董卓	1	299	250	285
36	袁B	0	275	276	278
37	角	3	275	278	276
38	甄宓	3	258	271	260
39	小	3	255	271	263
40	月英	2	257	271	261
41	孟@	1	295	252	287
42	蔡文姬	3	255	270	264
43	大	3	256	272	261
44	姜S	3	275	278	276
45	Z	3	262	280	277
46	司R	2	276	276	277
47	司R昭	2	275	275	279
48	艾	1	278	275	276
49	王元姬	2	258	270	261
50	R	1	278	276	275
51	T葛Q	3	264	280	275
52	夏侯霸	0	260	286	278
53	郭淮	3	260	281	278
54	丁奉	1	261	286	277
55	⒍U	1	278	275	276
56	星彩	1	257	272	260
57		3	255	270	264
58	R岱	0	275	277	277
59	祝融	3	258	271	260
60	P索	0	277	277	275
61	U三娘	2	258	270	261
62	德	1	285	260	279
63	王	1	255	273	261
64	郭嘉	3	263	281	275
65	徐庶	3	276	276	277
66	左慈	3	275	276	278
67	愤M	1	286	262	276
68	李典	1	260	287	277
69	C	3	262	281	276
70	n	2	287	262	275
71	Pd	0	276	278	275
72	苞	0	286	261	277
73	Py屏	2	255	270	264
74	Z充	2	263	280	276
75	文	2	288	261	275
76	春A	3	257	272	260
77	于禁	1	262	286	276
78	朱然	1	275	275	279
79	法正	3	262	282	275
80	m	3	262	280	277
81	瘟峋_	0	288	261	275
82	骑兵	0	150	150	200
83	步兵	1	150	150	200
84	弓兵	2	150	150	200
85	谋士	3	150	150	200
